hcp
0 0 0
2 0 0
1.0000000000000002 1.7320508075688772 0.0
-0.9999999999999996 1.7320508075688776 0.0
-2.0 7.474077809509347e-16 0.0
-1.0000000000000009 -1.7320508075688767 0.0
0.9999999999999989 -1.7320508075688779 0.0
1.0 0.5773502691896257 0.816496580927726
-0.9999999999999998 0.577350269189626 0.816496580927726
-5.31524346470681e-16 -1.1547005383792512 0.816496580927726
2.220446049250313e-16 1.1547005383792517 -0.816496580927726
-1.0000000000000002 -0.5773502691896254 -0.816496580927726
0.9999999999999996 -0.5773502691896264 -0.816496580927726
